71	 100.37
72	  96.38
73	  99.61
74	    nan
75	  99.86
76	 100.01
77	  99.22
78	 100.00
79	  99.61
80	  99.72
81	  99.83
82	 100.04
83	 100.05
84	  99.83
85	  99.91
86	 100.06
87	 100.18
88	 100.05
89	  99.84
90	 100.00
91	 100.10
92	 100.21
93	  99.95
94	  99.48
95	 100.04
96	 100.06
97	  99.62
98	  99.92
99	  99.49
100	  99.64
101	  99.53
102	  89.02
103	  99.03
104	 100.01
105	 100.05
106	  99.55
107	  99.92
108	  99.30
109	 100.31
110	  99.50
111	 100.35
112	 100.35
113	 100.32
114	  99.75
115	 100.04
116	  99.81
119	  99.58
120	  98.43
121	 100.41
122	  99.06
123	 100.05
124	  98.51
125	 100.03
126	 100.05
127	 100.41
128	 100.02
129	 100.05
130	  99.74
131	 100.00
132	  99.54
133	 100.59
134	  99.60
135	  99.81
136	  99.76
137	 100.01
138	 100.13
139	 101.02
140	 100.04
141	  89.65
142	 100.44
143	 100.36
144	  99.62
145	  99.25
146	  99.09
147	 100.00
148	 100.51
149	 100.25
150	    nan
151	  99.80
152	 100.03
153	  99.98
154	 100.05
155	 100.03
156	 100.04
157	  98.75
158	 100.00
159	 100.08
160	 100.40
161	  99.69
162	  92.87
163	  98.66
164	 100.03
165	  99.95
166	 100.51
167	 100.23
168	  99.79
169	  99.09
170	  99.40
171	  98.79
172	  99.63
173	  99.98
174	  99.61
175	  99.69
176	 100.12
177	  98.92
178	 100.03
179	  98.73
180	 100.08
181	 100.00
182	 100.32
183	 100.07
184	  99.50
185	 100.10
186	  99.29
187	 100.41
188	  99.85
189	 100.10
190	  99.55
191	  99.97
192	  97.89
193	  99.70
194	  99.71
195	  99.64
196	 100.11
197	  99.29
198	  90.64
199	  99.93
200	 100.03
201	  99.49
202	  94.76
203	 100.03
204	  99.98
205	  99.14
206	  99.65
207	  99.79
208	  99.73
209	 100.39
210	  99.95
211	 100.28
212	 100.04
213	 100.06
214	 100.10
215	  97.69
216	  99.11
217	  99.84
218	  99.90
231	 100.52
232	  99.37
233	  99.65
234	 100.23
235	 100.18
236	  99.63
237	 100.04
238	  99.03
239	 100.02
240	  99.92
241	 100.08
242	  99.91
243	  98.74
244	 100.10
245	 100.15
246	 100.21
247	 100.06
248	  99.67
249	 100.09
250	  99.61
251	 100.34
252	 100.10
253	 100.31
254	  99.70
255	 100.40
256	 100.09
257	 100.15
258	 100.69
259	  99.20
260	 100.21
261	  99.08
262	  99.15
263	  99.22
264	  99.71
265	  99.28
266	 100.03
267	  99.82
268	 100.45
269	  99.61
270	  98.82
271	 100.18
272	  99.33
273	 100.37
274	 100.13
275	 100.02
276	 100.00
277	 100.13
278	  99.34
279	  99.70
280	  99.81
281	  99.92
282	 100.20
283	  99.78
284	  99.44
285	 100.06
286	  99.67
287	 100.00
288	 100.10
289	 100.11
290	 100.06
291	 100.04
292	 100.02
293	 100.53
294	 100.36
295	 100.11
296	  99.98
297	 100.04
298	 100.09
299	  99.62
300	 100.58
301	    nan
302	 100.13
303	 100.10
304	 100.07
305	 100.01
306	 100.52
307	 100.05
308	 100.03
309	  98.96
310	  99.69
311	  99.27
312	 100.17
313	  99.93
314	 100.08
315	  99.32
316	  95.34
317	  99.88
318	  99.88
319	 100.08
320	 100.07
321	 100.04
322	 100.12
323	 100.09
324	 100.00
325	  97.93
326	 100.01
327	 100.07
328	 100.04
329	  99.92
330	 100.02
331	  99.36
332	  99.47
333	 100.03
334	  98.75
335	 100.04
336	  98.96
337	  99.75
338	 100.02
339	  99.72
340	  99.14
341	  99.86
342	  99.64
343	  98.69
344	  98.00
345	  99.32
346	  99.54
347	 100.66
348	 100.04
349	 100.03
350	  99.15
351	 100.42
352	  98.99
353	  99.95
354	  99.37
355	  99.51
356	 100.04
357	 100.24
358	 100.01
359	  99.70
360	  99.45
361	  99.47
362	 100.44
363	  99.59
364	 100.05
365	  99.77
366	 100.01
1	 100.06
2	 100.51
3	  99.77
4	 100.01
5	  99.90
6	  99.34
7	  99.60
8	  99.60
9	  99.92
10	  99.68
11	  99.69
12	  99.43
13	  99.13
14	  99.75
15	 100.03
16	 100.07
17	 100.02
19	  99.68
20	  99.85
21	 100.02
22	  95.88
23	  99.54
24	  99.98
25	  99.70
26	 100.05
27	  99.63
28	 100.08
29	  99.96
30	 100.02
31	  99.90
32	  99.79
33	  97.42
34	 100.18
35	 100.05
36	  99.56
37	 100.39
38	  96.99
39	  99.89
41	  99.81
42	  99.50
43	  99.09
44	 100.15
45	  99.94
46	 100.02
47	  99.94
48	 100.07
49	  99.97
50	  98.57
51	 100.06
52	  99.78
53	  99.79
54	  99.25
55	  99.70
56	  99.99
57	  99.30
58	  99.71
59	  99.94
60	 100.03
61	  99.88
62	  99.53
63	 100.04
64	  98.48
65	 100.34
66	  99.48
67	  99.10
68	  99.95
69	  99.12
70	  98.24
71	  99.38
72	 100.08
73	  99.81
74	 100.02
75	  99.27
76	 100.02
77	  98.43
78	  99.67
79	  98.61
80	 100.01
81	 100.04
82	  99.38
83	  99.36
84	 100.16
85	 100.30
86	 100.08
87	 100.06
88	 100.09
89	 100.14
90	  99.45
91	  99.58
92	  99.85
93	 100.02
94	 100.61
95	 100.58
96	 100.01
97	 100.02
98	  99.54
99	  99.76
100	  99.44
101	 100.03
102	 100.37
103	 100.09
104	 100.64
105	  99.92
106	  99.78
107	 100.04
108	  99.61
109	 100.32
110	  99.81
111	 100.16
112	 100.05
113	 100.11
114	 100.06
115	 100.41
116	 100.07
117	  99.26
118	 100.61
119	 100.36
120	 100.52
121	  99.48
122	  99.92
123	 100.13
124	 100.04
125	  99.81
126	  99.33
127	  97.09
128	  99.43
129	  98.77
130	  99.92
131	  99.04
132	 100.06
133	  99.60
134	 100.01
135	 100.04
136	  98.41
137	  99.77
138	  99.42
139	  99.09
140	  99.57
141	  99.32
142	  99.42
143	 100.03
144	 100.04
145	  99.95
146	  99.75
147	  99.87
148	  99.73
149	 100.06
150	 100.40
151	  99.30
152	  99.96
153	  98.74
154	  96.81
155	  99.79
156	  98.32
157	 100.10
158	  97.92
159	  92.60
160	  99.49
161	  97.39
162	 100.01
163	  99.95
164	  81.24
165	  99.12
166	 100.02
184	    nan
185	  99.89
186	 100.02
187	  99.79
188	  99.70
189	 100.01
190	  99.64
191	 100.00
192	  99.44
193	  99.77
194	  93.46
195	  98.18
196	 100.00
197	  99.81
198	  99.76
199	  99.79
200	  98.47
201	  99.81
202	  98.87
203	  98.99
204	  98.91
205	 100.12
206	  99.63
207	 100.03
208	  99.99
209	 100.03
210	 100.02
211	  99.30
212	  98.78
213	  98.70
214	  99.09
215	 100.22
216	  98.66
217	  99.79
218	 100.00
219	  99.58
220	  99.89
221	  98.30
222	  98.88
223	  99.64
224	  99.48
225	  99.71
226	  99.91
227	 100.19
228	  98.84
229	  98.94
230	  99.36
231	  99.90
232	  99.26
233	  99.99
234	  99.82
235	  99.33
236	  99.21
237	  99.94
238	  99.67
239	 100.11
240	  99.99
241	  98.33
242	  99.52
243	  99.59
244	  99.93
245	 100.09
246	  97.67
247	  99.36
248	 100.05
249	 100.45
250	  98.67
251	  99.50
252	  98.37
253	  98.98
254	  99.68
255	  99.63
256	  99.07
257	  98.99
258	  99.25
259	 100.43
260	  99.18
261	  99.21
262	  98.54
263	  99.87
264	  99.91
265	  99.40
266	 100.05
267	 100.01
268	  99.84
269	  99.18
270	 100.08
271	  99.98
272	  99.88
273	 100.06
274	  99.69
275	  98.34
276	 100.00
277	  98.49
278	 100.03
279	 100.22
280	  99.59
281	  99.80
282	  99.59
283	 100.13
284	  99.88
285	 100.43
286	 100.04
287	 100.00
288	  99.84
289	  99.99
290	  99.75
291	  99.62
292	  99.33
293	  99.00
294	  99.70
295	 100.31
296	 100.01
297	 100.05
298	 100.02
299	  99.19
300	  99.59
301	 100.24
302	  98.12
303	 100.01
304	  98.83
305	 100.12
306	  99.38
307	  99.14
308	  99.49
309	  98.29
310	 100.20
311	  99.65
312	 100.09
313	  99.78
314	  99.30
315	  98.82
316	  98.86
317	  99.06
318	  99.85
319	 100.04
320	  99.73
321	  99.76
322	 100.10
323	  99.51
324	  99.66
325	  99.57
326	 100.08
327	  99.67
328	 100.04
329	 100.11
330	 100.12
331	  99.83
332	 100.03
333	  99.57
334	 100.07
335	 100.23
336	 100.04
337	 100.02
338	 100.03
339	  98.90
340	 100.00
341	  99.82
342	 100.02
343	  99.40
344	 100.14
345	  99.43
346	 100.07
347	 100.06
348	  99.88
349	  99.43
350	  99.84
351	  98.66
352	  99.81
353	  99.89
354	 100.11
355	  99.60
356	  99.35
357	 100.04
358	 100.19
359	  99.43
360	 100.04
361	 100.42
362	 100.09
363	  99.47
364	 100.01
365	 100.05
1	  99.65
2	 100.02
3	 100.04
4	 100.06
5	  99.87
6	 100.43
7	 100.32
8	 100.45
9	 100.48
10	  98.57
11	 100.09
12	 100.42
13	 100.04
14	 100.61
15	  99.84
16	 100.00
17	  99.64
18	 100.36
19	  99.52
20	 100.02
21	 100.08
22	 100.02
23	 100.04
24	 100.19
25	  98.86
26	 100.12
27	 100.12
28	  99.93
29	 100.26
30	 100.64
31	  98.89
32	  99.68
33	  99.16
34	 100.00
35	  99.71
36	  98.55
37	  99.81
38	 100.04
39	 100.03
40	 100.03
41	 100.13
42	  97.47
43	 100.02
44	  99.82
45	  99.98
46	 100.01
47	  99.49
48	 100.02
49	  99.83
50	  98.29
51	  99.57
52	 100.10
53	 100.01
54	  99.94
55	  99.93
56	  99.64
57	 100.08
58	  99.44
59	 100.04
60	  99.61
61	  99.37
62	  98.24
63	 100.07
64	  99.35
65	  99.96
66	  99.80
67	 100.00
68	  99.61
69	  99.21
70	  99.70
71	  97.96
72	 100.09
73	 100.05
74	  98.66
75	  99.67
76	  99.60
77	  99.46
78	  99.59
87	  98.85
88	  99.67
89	  99.72
90	  99.55
91	  99.97
92	  99.54
93	 100.00
94	  99.16
95	  99.14
96	  99.77
97	  99.86
98	  99.96
99	  99.38
100	 100.06
101	  98.42
102	  98.91
103	  99.77
104	 100.03
106	 100.06
107	 100.06
108	  99.70
109	  99.90
110	 100.27
111	 100.59
112	 100.12
113	 100.07
114	 100.04
115	 100.12
116	  93.57
117	 100.07
118	 100.56
119	 100.09
120	  99.93
121	 100.04
122	 100.07
123	 100.61
124	 100.11
125	 100.07
126	 100.03
127	 100.08
128	 100.04
129	 100.31
130	 100.38
131	  99.78
132	 100.12
133	 100.05
134	 100.03
135	 100.32
136	 100.08
137	 100.05
138	 100.42
139	 100.07
140	 100.10
141	  99.62
142	 100.10
143	 100.45
144	 100.06
145	 100.55
146	 100.45
147	  99.64
148	 100.50
149	  99.90
150	 100.08
151	 100.12
152	 100.11
153	 100.05
154	 100.07
155	 100.10
156	 100.07
157	 100.02
158	 100.10
159	 100.53
160	 100.04
161	 100.46
162	 100.33
163	 100.05
164	 100.04
165	 100.33
166	 100.39
167	  99.45
168	 100.03
169	 100.42
170	 100.07
171	 100.34
172	 100.06
173	 100.52
174	 100.57
175	 100.07
176	 100.13
177	 100.55
178	 100.03
179	 100.06
180	 100.07
181	 100.09
182	  99.80
183	 100.06
184	 100.05
185	 100.48
186	 100.62
187	 100.58
188	 100.59
189	 100.05
190	 100.72
191	 100.65
192	 100.62
193	 100.06
194	 100.04
195	 100.07
196	 100.06
197	 100.14
198	 100.54
199	 100.62
200	 100.02
201	 100.06
202	 100.06
203	 100.00
204	 100.57
205	  99.41
206	 100.04
207	 100.05
208	 100.06
209	 100.06
210	 100.05
211	 100.07
212	 100.07
213	 100.08
214	 100.49
215	 100.05
216	 100.12
217	 100.03
218	  99.81
219	 100.03
220	 100.67
221	 100.12
222	 100.09
223	 100.16
224	 100.12
225	 100.12
226	 100.49
227	 100.64
228	 100.12
229	 100.16
230	 100.10
231	 100.48
232	 100.05
233	 100.56
234	  99.75
235	 100.56
236	 100.67
237	 100.10
238	  99.73
239	 100.07
240	 100.61
241	 100.63
242	 100.09
243	 100.08
244	 100.63
245	 100.07
246	 100.03
247	 100.12
248	 100.08
249	 100.13
250	 100.10
251	 100.09
252	 100.09
253	 100.10
254	 100.71
255	 100.86
256	 100.03
257	 100.85
258	 100.08
259	 100.47
260	 100.07
261	 100.07
262	 100.09
263	  99.91
264	 100.14
265	 100.08
266	 100.05
267	 100.12
268	  99.90
269	 100.04
270	 100.04
271	 100.43
272	 100.44
273	 100.62
274	 100.58
275	 100.11
276	 100.12
277	 100.03
278	 100.11
279	 100.05
280	  99.71
281	 100.05
282	 100.03
283	 100.65
284	 100.00
285	  99.82
286	 100.72
287	 100.60
288	 100.03
289	 100.63
290	 100.34
291	  99.99
292	  99.66
293	 100.05
294	 100.64
295	 100.08
296	 100.08
297	 100.42
298	  99.97
299	 100.44
300	 100.12
301	 100.80
302	 100.05
303	 100.11
304	 100.62
305	 100.12
306	 100.04
307	  99.85
308	 100.04
309	 100.07
310	 100.18
311	 100.05
312	 100.05
313	 100.51
314	 100.10
315	 100.04
316	 100.15
317	 100.08
318	 100.58
319	  99.89
320	  97.31
321	 100.04
322	 100.37
323	 100.06
324	 100.06
325	 100.05
326	 100.19
327	 100.74
328	 100.12
329	 100.00
330	 100.51
331	 100.08
332	 100.15
333	 100.50
334	  99.63
335	 100.11
336	 100.12
337	  99.54
338	 100.03
339	 100.10
340	 100.47
341	 100.10
342	 100.06
343	 100.05
344	 100.65
345	 100.07
346	 100.08
347	 100.07
348	 100.13
349	 100.15
350	 100.65
351	 100.05
352	 100.04
353	 100.06
354	 100.13
355	 100.08
356	 100.11
357	 100.09
358	 100.64
359	 100.59
360	 100.15
361	 100.06
362	 100.09
363	 100.09
364	 100.10
365	 100.00
1	 100.06
2	 100.12
3	 100.79
4	 100.71
5	 100.09
6	 100.76
7	 100.09
8	 100.02
9	 100.14
10	 100.81
11	 100.14
12	 100.12
13	 100.13
14	  88.85
15	  99.30
16	  98.04
17	 100.16
18	 100.02
19	 100.15
20	  98.73
21	 100.09
22	 100.63
23	 100.07
24	 100.06
25	 100.73
26	 100.16
27	  98.96
28	 100.01
29	 100.12
30	 100.06
31	 100.51
32	 100.14
33	 100.09
34	  99.65
35	  96.92
36	 100.61
37	 100.08
38	  99.61
39	 100.08
40	 100.12
41	 100.52
42	 100.63
43	 100.07
44	  88.43
45	 100.68
46	  97.25
47	 100.08
48	 100.05
49	  99.94
50	  99.99
51	  98.73
52	 100.01
53	  99.98
54	 100.08
55	 100.04
56	 100.10
57	 100.04
58	 100.10
59	 100.38
60	 100.06
61	 100.03
62	 100.02
63	 100.04
64	 100.12
65	 100.00
66	 100.02
67	 100.48
68	 100.61
69	 100.07
70	 100.09
71	 100.14
72	 100.14
73	 100.04
74	 100.04
75	 100.55
76	 100.02
77	 100.74
78	  99.97
79	 100.14
80	 100.06
81	 100.03
82	 100.09
83	  99.43
84	 100.05
85	  99.71
86	 100.59
87	 100.04
88	 100.05
89	 100.57
90	 100.64
91	 100.05
92	  99.95
93	 100.13
94	  98.67
95	 100.14
96	 100.09
97	  99.57
98	 100.09
99	 100.04
100	  99.99
101	 100.03
102	 100.52
103	 100.01
104	 100.10
105	 100.54
106	 100.59
107	 100.06
108	 100.06
109	 100.12
110	 100.04
111	 100.10
112	 100.07
113	 100.07
114	 100.04
115	 100.59
116	 100.06
117	 100.06
118	 100.60
119	 100.49
120	 100.57
121	 100.07
122	 100.16
123	 100.06
124	 100.13
125	 100.20
126	 100.14
127	 100.14
128	 100.49
129	 100.07
130	 100.12
131	 100.44
132	 100.02
133	  97.86
134	 100.08
135	  98.88
136	 100.50
137	 100.06
138	 100.01
139	  99.64
140	 100.02
141	 100.07
142	 100.12
143	 100.64
144	 100.10
145	 100.11
146	 100.10
147	 100.06
148	 100.10
149	 100.06
150	  99.82
151	  99.62
152	  99.99
153	 100.11
154	  99.52
155	 100.09
156	  99.84
157	 100.04
158	 100.55
159	 100.71
160	 100.06
161	 100.05
162	 100.61
163	  99.45
164	  99.83
165	 100.05
166	 100.07
167	 100.15
168	 100.04
169	 100.07
170	 100.43
171	 100.28
172	 100.06
173	 100.16
174	  99.99
175	 100.01
176	 100.02
177	  99.78
178	 100.09
179	 100.10
180	 100.50
181	  99.98
182	 100.08
183	 100.04
184	 100.07
185	 100.67
186	 100.12
187	 100.67
188	 100.05
189	 100.06
190	 100.09
191	 100.14
192	 100.46
193	  99.86
194	 100.06
195	  99.71
196	 100.08
197	 100.09
198	 100.02
199	 100.11
200	  99.67
201	 100.07
202	 100.05
203	 100.72
204	 100.19
205	  99.96
206	 100.05
207	 100.64
208	 100.58
209	 100.01
210	 100.57
211	 100.05
212	 100.07
213	 100.05
214	 100.05
215	 100.51
216	 100.26
217	 100.37
218	  99.07
219	 100.08
220	 100.12
221	 100.11
222	  99.88
223	  99.45
224	  99.87
225	 100.41
226	 100.13
227	  99.21
228	 100.60
229	 100.07
230	  99.59
231	 100.11
232	 100.13
233	  95.52
234	  99.89
235	 100.01
236	 100.09
237	 100.65
238	 100.13
239	 100.87
240	 100.12
241	 100.77
242	 100.15
243	 100.01
244	 100.70
245	 100.05
246	 100.16
247	 100.62
248	 100.69
249	 100.00
250	 100.07
251	 100.09
252	  99.99
253	  99.98
254	 100.06
255	 100.08
256	 100.59
257	 100.06
258	 100.10
259	  99.90
260	 100.07
261	 100.04
262	 100.06
263	 100.18
264	 100.14
265	 100.72
266	 100.50
267	 100.15
268	  99.57
269	  99.14
270	 100.10
271	 100.10
272	 100.14
273	  99.99
274	  99.98
275	 100.49
276	 100.03
277	 100.09
278	 100.07
279	 100.08
280	 100.05
281	 100.10
282	 100.64
283	 100.06
284	 100.04
285	  99.92
286	 100.07
287	 100.14
288	 100.02
289	 100.60
290	 100.61
291	 100.02
292	 100.67
293	 100.63
294	 100.07
295	 100.05
296	 100.09
297	 100.08
298	 100.11
299	 100.14
300	 100.03
301	 100.06
302	 100.37
303	 100.14
304	 100.04
305	 100.07
306	 100.13
307	 100.13
308	  99.97
309	  99.17
310	 100.66
311	 100.69
312	  99.77
313	  99.91
314	 100.65
315	  99.27
316	 100.01
317	  99.89
318	 100.04
319	 100.69
320	 100.57
321	 100.09
322	 100.12
323	  99.86
324	 100.44
325	  99.92
326	 100.04
327	 100.02
328	 100.05
329	 100.79
330	 100.14
331	 100.14
332	 100.02
333	 100.59
334	 100.07
335	  99.38
336	 100.51
337	 100.60
338	 100.03
339	 100.22
340	 100.04
341	  98.20
342	 100.07
343	 100.69
344	 100.04
345	 100.07
346	 100.57
347	 100.04
348	 100.07
349	 100.09
350	 100.11
358	 100.06
359	  99.81
360	 100.48
361	 100.04
362	 100.70
363	 100.69
364	  99.93
365	 100.06
1	 100.09
2	  99.96
3	  99.94
4	 100.02
5	 100.10
6	 100.54
7	 100.12
8	 100.38
9	 100.60
10	 100.13
11	 100.03
12	 100.08
13	 100.52
14	  99.85
15	 100.39
16	 100.45
97	 100.10
98	 100.10
99	 100.09
100	  99.72
101	 100.21
102	 100.58
103	  95.67
104	  99.41
105	  99.89
106	 100.06
107	  99.60
108	  90.82
109	  86.43
110	 100.03
111	 100.62
112	 100.02
113	 100.70
114	 100.48
115	 100.02
116	 100.01
117	  99.98
118	  74.31
119	 100.04
120	 100.12
121	 100.03
122	 100.60
123	  99.84
124	  45.32
125	 100.08
126	  71.62
127	 100.66
128	 100.00
129	 100.29
130	  56.22
131	  27.38
132	  45.96
133	  31.60
134	 100.02
135	  67.03
136	 100.09
137	  81.24
138	 100.07
139	 100.06
140	 100.04
141	 100.12
142	  85.77
143	 100.04
144	 100.08
145	 100.02
146	  72.72
147	 100.09
148	 100.02
149	 100.07
150	 100.58
151	 100.04
152	 100.10
153	 100.09
154	 100.07
155	 100.01
156	 100.10
157	 100.08
158	  72.03
159	 100.70
160	  67.63
161	 100.13
162	  75.13
163	  26.14
164	 100.03
165	 100.10
166	 100.08
167	 100.03
168	 100.01
169	  71.96
170	 100.13
171	  94.93
172	 100.10
173	 100.11
174	  81.81
175	 100.07
176	 100.03
177	 100.05
178	 100.54
179	 100.53
180	 100.04
181	 100.07
182	 100.03
183	 100.31
184	 100.71
185	 100.08
186	 100.10
187	 100.06
188	 100.06
189	 100.11
190	  82.47
191	 100.11
192	 100.07
193	  30.05
194	 100.08
195	 100.05
196	 100.02
197	  92.53
198	 100.07
199	 100.01
200	 100.70
201	 100.05
202	  36.54
203	 100.60
204	 100.02
205	  99.93
206	  86.14
207	 100.72
208	  36.93
209	 100.59
210	 100.48
211	 100.11
212	 100.00
213	 100.72
214	 100.10
215	 100.01
216	 100.14
217	 100.09
218	 100.69
219	 100.02
220	  29.04
221	 100.02
222	 100.07
223	 100.11
224	  48.83
225	 100.61
226	  74.67
227	 100.04
228	 100.46
229	 100.35
230	 100.06
231	 100.04
232	 100.85
233	 100.46
234	 100.63
235	 100.11
236	 100.02
237	 100.60
238	  84.22
239	  99.33
240	 100.12
241	 100.05
242	 100.12
243	 100.11
244	 100.05
245	 100.00
246	 100.11
247	 100.13
248	 100.63
249	  99.96
250	 100.06
251	 100.74
252	 100.69
253	 100.04
254	 100.29
255	 100.11
256	 100.38
257	 100.06
258	 100.13
259	 100.06
260	 100.06
261	 100.69
262	 100.06
263	 100.04
264	 100.11
265	 100.07
266	 100.03
267	 100.06
268	 100.02
269	 100.06
270	 100.03
271	 100.05
272	 100.44
273	 100.12
274	 100.08
275	 100.69
276	  99.63
277	 100.05
278	 100.06
279	  99.95
280	  99.95
281	  98.84
282	 100.06
283	  97.38
284	  99.03
285	 100.08
286	  95.82
287	 100.08
288	  99.97
289	 100.07
290	 100.68
291	 100.08
292	  85.76
293	 100.53
294	  99.84
295	 100.00
296	 100.05
297	 100.32
298	 100.44
299	  94.12
300	 100.02
301	 100.09
302	 100.47
303	 100.11
304	  99.85
305	 100.56
306	 100.05
307	 100.43
308	  99.99
309	 100.02
310	 100.03
311	 100.09
312	 100.75
313	  95.65
314	 100.09
315	 100.46
316	 100.09
318	 100.01
319	  99.99
320	 100.11
321	 100.04
322	 100.50
323	 100.06
324	 100.08
325	 100.05
326	 100.06
327	 100.07
328	 100.12
329	 100.00
330	 100.55
331	 100.08
332	 100.09
333	  97.10
334	  94.92
335	 100.04
336	  98.48
337	  99.51
338	 100.05
339	 100.07
340	 100.09
341	 100.11
342	 100.09
343	 100.09
344	 100.59
345	 100.68
346	 100.05
347	 100.12
348	 100.11
349	 100.06
350	  92.47
351	 100.15
352	  92.76
353	  99.87
354	 100.39
355	 100.08
356	 100.06
357	 100.12
358	 100.04
359	 100.09
360	 100.49
361	 100.01
362	 100.00
363	  99.80
364	 100.78
365	  99.82
1	  99.66
2	  99.71
3	  97.85
4	  97.46
5	  94.61
6	 100.67
7	  99.21
8	  99.53
9	  90.32
10	  98.37
11	  98.80
12	 100.05
13	 100.62
14	 100.10
15	 100.48
16	  86.51
17	 100.04
18	  99.69
19	  61.86
20	  99.90
21	  92.34
22	 100.05
23	  96.92
24	  98.56
25	  99.93
26	  99.70
27	  92.07
28	  99.46
29	 100.04
30	 100.06
31	 100.34
32	 100.01
33	 100.20
34	  99.75
35	 100.10
36	  98.20
37	 100.04
38	 100.04
39	 100.04
40	 100.65
41	 100.09
42	 100.51
43	  89.20
44	 100.04
45	 100.71
46	 100.06
47	 100.07
48	  99.32
49	  97.43
50	 100.08
51	 100.11
52	 100.49
53	  99.46
54	 100.12
55	 100.08
56	 100.06
57	  99.34
58	  97.91
59	 100.06
60	 100.70
61	 100.89
62	 100.03
63	  99.98
64	 100.65
65	  97.18
66	  99.97
67	  99.59
68	 100.07
69	  99.96
70	 100.64
71	  99.18
72	 100.07
73	 100.08
74	  97.97
75	 100.00
76	 100.11
77	 100.71
78	 100.65
79	 100.10
80	 100.39
81	 100.05
82	  99.89
83	  99.92
84	 100.55
85	  97.96
86	 100.07
87	 100.11
88	 100.61
89	 100.03
90	 100.38
91	 100.64
92	 100.59
93	 100.05
94	 100.08
95	 100.68
96	 100.72
97	  98.97
98	 100.12
99	 100.05
100	 100.58
101	 100.01
102	 100.11
103	  97.11
104	 100.55
105	 100.06
106	 100.03
107	 100.65
108	 100.03
109	 100.07
110	 100.71
111	 100.21
112	 100.66
113	  98.53
114	 100.11
115	 100.10
117	 100.07
118	 100.06
119	 100.09
120	 100.53
121	 100.08
122	 100.01
123	 100.09
124	 100.10
125	 100.05
126	 100.07
127	 100.03
128	 100.07
129	 100.05
130	 100.04
131	 100.10
132	 100.60
133	 100.02
134	 100.02
135	 100.06
136	 100.09
137	 100.07
138	 100.29
139	 100.63
140	 100.04
141	 100.09
142	 100.05
143	 100.03
144	 100.09
145	  85.72
146	 100.05
147	  99.98
148	 100.12
149	 100.03
150	 100.10
151	 100.63
152	 100.06
153	 100.08
154	 100.11
155	 100.59
156	 100.08
157	 100.60
158	  40.92
159	 100.14
160	 100.07
161	 100.50
162	 100.17
163	  91.40
164	 100.44
165	 100.03
166	 100.02
167	  99.79
168	 100.06
169	 100.12
170	  99.97
171	 100.52
172	 100.06
173	  99.99
174	 100.08
175	 100.38
176	 100.11
177	 100.53
178	 100.09
179	 100.17
180	 100.07
181	 100.05
182	 100.06
183	 100.48
184	 100.11
185	 100.08
186	 100.09
187	 100.64
188	 100.43
189	  99.99
190	 100.53
191	 100.11
192	 100.08
193	 100.06
194	 100.05
195	  99.99
196	 100.08
197	 100.49
198	 100.65
199	 100.10
200	 100.05
201	 100.04
202	 100.10
203	 100.67
204	  51.07
205	 100.07
206	 100.59
207	 100.52
208	 100.04
209	  99.92
210	 100.52
211	  98.84
212	 100.01
213	 100.04
214	 100.07
215	 100.03
216	 100.72
217	 100.62
218	 100.10
219	 100.05
220	 100.07
221	 100.05
222	 100.11
223	 100.10
224	 100.10
225	 100.51
226	 100.08
227	 100.23
228	 100.06
229	 100.37
230	 100.03
231	 100.08
232	 100.00
233	  99.99
234	  99.98
235	 100.14
236	 100.04
237	 100.06
238	 100.11
239	 100.10
240	 100.06
241	 100.08
242	 100.04
243	  98.87
244	 100.62
245	 100.58
246	 100.98
247	 100.03
248	 100.02
249	 100.61
250	 100.04
251	  99.82
252	 100.07
253	 100.95
254	 100.84
255	 100.72
256	 100.06
257	  97.33
258	 100.12
259	 100.04
260	 100.07
261	 100.08
262	 100.09
263	 100.07
264	 100.00
265	 100.09
266	  99.63
267	 100.13
268	 100.12
269	 100.03
270	 100.06
271	 100.03
272	 100.02
273	 100.11
274	 100.92
275	 100.36
276	 100.10
277	  99.57
278	 100.05
279	 100.08
280	 100.52
281	 100.02
282	 100.02
283	 100.71
284	 100.13
285	 100.10
286	 100.59
287	 100.60
288	 100.02
289	 100.09
290	 100.04
291	 100.02
292	 100.12
293	 100.06
294	 100.03
295	 100.11
296	 100.06
297	 100.07
298	 100.59
299	 100.10
300	 100.37
301	 100.03
302	  97.49
303	 100.78
304	 100.02
305	 100.01
306	 100.06
307	 100.00
308	 100.52
309	  99.28
310	 100.41
311	 100.05
312	  99.77
313	 100.10
314	 100.10
315	 100.08
316	  99.99
317	 100.11
318	 100.04
319	 100.10
320	 100.07
321	 100.18
322	 100.05
323	  97.02
324	 100.04
325	 100.05
326	 100.07
327	 100.06
328	 100.06
329	 100.65
330	  99.97
331	 100.67
332	 100.12
333	 100.05
334	 100.43
335	 100.07
336	 100.54
337	  98.80
338	 100.62
339	  99.91
340	  99.07
341	 100.07
342	 100.04
343	 100.60
344	 100.10
345	  98.37
346	  65.65
347	 100.02
348	 100.13
349	 100.06
350	 100.69
351	 100.68
352	 100.04
353	 100.05
354	 100.11
355	 100.07
358	 100.54
359	 100.70
360	 100.08
361	 100.04
362	 100.00
363	 100.05
364	 100.51
365	 100.68
366	 100.03
1	 100.05
2	  99.90
3	  99.92
4	 100.12
5	 100.02
6	 100.13
7	 100.23
8	 100.03
9	 100.08
10	 100.07
11	 100.09
12	  99.51
13	 100.02
14	 100.73
15	 100.06
16	 100.05
17	 100.02
18	 100.02
19	 100.33
20	 100.08
21	 100.33
22	  99.96
23	 100.03
24	 100.02
25	 100.68
26	 100.03
27	 100.02
28	 100.13
29	 100.05
30	 100.12
31	 100.03
32	 100.08
33	 100.61
34	 100.11
35	  99.26
36	  99.60
37	 100.61
38	 100.63
39	 100.03
40	 100.45
41	 100.35
42	 100.06
43	 100.08
44	 100.02
45	 100.03
46	 100.02
47	 100.05
48	 100.06
49	 100.13
50	 100.00
51	  99.88
52	 100.14
53	 100.13
54	  98.95
55	 100.02
56	 100.03
57	  99.91
58	  99.35
59	 100.73
60	  99.97
61	 100.06
62	 100.00
63	 100.03
64	 100.06
65	 100.12
66	 100.12
67	 100.11
68	 101.01
69	  99.84
70	 100.04
71	 100.51
72	 100.11
73	  82.34
74	  99.49
75	 100.08
76	 100.03
77	 100.04
78	 100.13
79	 100.12
80	 100.08
81	 100.09
82	  86.10
83	  99.78
84	  99.95
85	  99.30
86	  99.91
87	  99.84
88	 100.74
89	  99.34
90	 100.12
91	 100.57
92	 100.49
93	  98.21
94	 100.06
95	 100.09
96	  96.84
97	 100.01
98	 100.14
99	 100.03
100	 100.01
101	 100.06
102	 100.04
103	 100.05
104	 100.04
105	  77.74
106	 100.09
107	 100.03
108	 100.12
109	 100.59
110	 100.06
111	 100.06
112	 100.04
113	 100.48
114	 100.04
115	 100.46
116	 100.39
117	 100.34
118	 100.10
119	 100.04
120	 100.10
121	 100.03
122	 100.09
123	 100.11
124	 100.09
125	 100.02
126	 100.05
127	 100.13
128	 100.06
129	 100.09
130	 100.06
131	 100.09
132	 100.71
133	 100.49
134	 100.10
135	 100.07
136	 100.12
137	 100.07
138	 100.05
139	 100.43
140	 100.08
141	 100.56
142	 100.06
143	 100.03
144	 100.36
145	  99.94
146	  98.47
147	  99.24
148	 100.65
149	 100.40
150	 100.62
151	  99.07
152	 100.04
153	 100.30
154	  99.16
155	 100.11
156	 100.03
157	 100.06
158	 100.39
159	 100.05
160	 100.45
161	  39.34
162	 100.60
163	 100.01
164	 100.05
165	 100.05
166	 100.02
167	 100.15
168	 100.10
169	 100.03
170	 100.06
171	 100.03
172	  32.55
173	 100.66
174	 100.46
175	 100.04
176	 100.28
177	  99.94
178	 100.02
179	  60.69
180	  14.03
181	 100.01
182	 100.10
183	 100.08
184	 100.08
185	 100.07
186	  98.70
187	 100.50
188	 100.47
189	 100.04
190	 100.07
191	 100.59
192	  99.98
193	 100.02
194	 100.09
195	  99.99
196	  99.82
197	  99.94
198	 100.09
199	  41.49
200	 100.14
201	 100.65
202	 100.00
203	 100.11
204	 100.03
205	 100.08
206	 100.03
207	 100.07
208	  25.40
209	 100.04
210	 100.51
211	  99.95
212	 100.12
213	 100.06
214	 100.09
215	 100.09
216	 100.01
217	 100.67
218	 100.04
219	 100.11
220	  99.59
221	 100.08
222	 100.28
223	 100.04
224	 100.58
225	 100.04
226	 100.66
227	 100.28
228	 100.54
229	 100.51
230	 100.16
231	 100.05
232	 100.50
233	 100.00
234	  99.84
235	  99.83
236	 100.38
237	 100.08
238	 100.10
239	 100.07
240	 100.04
241	  99.63
242	  99.93
243	  99.71
244	 100.06
245	 100.04
246	  99.88
247	 100.11
248	 100.58
249	 100.02
250	 100.05
251	 100.62
252	 100.04
253	 100.06
254	 100.08
255	 100.74
256	 100.09
257	 100.54
258	 100.08
259	 100.05
260	 100.59
261	 100.06
262	 100.05
263	 100.07
264	 100.48
265	  97.75
266	 100.13
267	 100.04
268	 100.03
269	 100.05
270	 100.34
271	 100.04
272	 100.62
353	 100.06
354	 100.04
355	 100.12
356	 100.12
357	 100.02
358	 100.02
359	 100.04
360	 100.31
361	 100.08
362	 100.07
363	 100.57
364	 100.10
365	 100.35
1	 100.52
2	 100.08
3	 100.08
4	 100.07
5	 100.44
6	 100.31
7	 100.03
8	 100.04
9	 100.11
10	 100.13
11	 100.08
12	 100.04
13	 100.81
14	 100.12
15	 100.06
16	 100.09
17	 100.30
18	 100.06
19	 100.80
20	 100.14
21	 100.06
22	 100.27
23	 100.40
24	 100.13
25	 100.65
26	 100.03
27	 100.01
28	 100.05
29	 100.04
30	 100.04
31	  99.66
32	 100.09
33	 100.16
34	 100.00
35	  99.13
36	 100.20
37	 100.11
38	 100.47
39	  83.45
40	  98.91
41	  96.40
42	  94.90
43	 100.08
44	  99.96
45	 100.12
46	 100.06
47	 100.50
48	 100.13
49	 100.10
50	  99.23
51	 100.63
52	 100.12
53	 100.09
54	 100.03
55	 100.04
56	 100.03
57	 100.04
58	 100.06
59	 100.00
60	 100.00
61	 100.50
62	 100.11
63	  64.46
64	  99.59
